0.0013980225102705468	1.0319807388613072e11
0.08058913357567776	1.0326131783491568e11
0.2222279923286149	9.972865319278163e10
0.31541989521258285	9.628198174678294e10
0.46454915188005463	8.812224819081912e10
0.5726601504455264	8.357384203702768e10
0.6994292736350127	7.647832201446391e10
0.8038506033760262	6.872980703967809e10
0.915725310943035	6.176978460286911e10
1.0276246985690705	5.355866726357845e10
1.1246049905136024	4.7274147234603294e10
1.2551871828226788	3.81577952997003e10
1.3895577641923191	2.8158642852135006e10
1.4866120963139302	2.231895202209784e10
1.5949081953221005	1.6174428382250425e10
1.6882975386782797	1.1720218472411026e10
1.770531495354493	8.192734918809333e9
1.8416100653507397	5.524697823938948e9
1.9127873555830917	3.227594781418456e9
1.9802996570500127	1.723828938306008e9
2.0403462406614254	9.372895713563186e8
2.074231961704775	5.674147307140081e8
2.093124546889541	3.894032372645316e8
2.115731480957792	2.720816464037658e8
2.127108988168996	2.0422891439483678e8
2.142213184293199	1.5330181789491433e8