0.0008198522410433062	5.987601978443459e10
0.08860898565868947	6.1000426602052284e10
0.16688119222825004	5.9951110365646576e10
0.30478043683133704	5.894610614450422e10
0.39049430400453156	5.898387813855568e10
0.5097718183726984	5.695621020482066e10
0.6327643034674039	5.599517314596255e10
0.7632336066174138	5.311350822870574e10
0.8787961502590421	5.0374529349871185e10
0.9645334557333501	4.863063052578914e10
1.0912995073073786	4.450132050595744e10
1.236710727417441	4.000430438322064e10
1.348570019483088	3.660339241363279e10
1.4492609610680058	3.289349449362896e10
1.5574287207082276	2.851960975465345e10
1.650689720840068	2.4724570745336285e10
1.7477008491501178	2.0679819079492786e10
1.8447354157612814	1.6687274371686735e10
1.9044679261498199	1.4206008669851917e10
1.967974003017682	1.1256729603094885e10
2.0389686170914048	8.452936955288278e9
2.106236541288032	6.347327835980709e9
2.154894454400297	4.5976345579881315e9
2.196110706908928	3.2708763309352217e9
2.248612501403857	1.980264600201864e9
2.282433969911082	1.2878949815317569e9
2.30511052623869	7.936562421169934e8
2.3240955501408744	4.634505177710449e8
2.342986820838603	3.123859686752283e8
2.34693617457628	2.2217758248920307e8
2.3546356564921656	1.524550265947234e8