0.0067557178550836094	2.563417849443771e8
0.042408226023448015	2.5612472847493106e8
0.07673938112627332	2.4695565252768064e8
0.10984528156832596	2.46761474200398e8
0.1607534114933692	2.4211009699690467e8
0.20531904670382473	2.4185386682614613e8
0.2561791274264847	2.2898698297367805e8
0.28923697866615405	2.2079609806384706e8
0.3197962713818949	2.2063583840649703e8
0.3375744762636941	2.1282092423896217e8
0.35789928887180467	2.0527039330055842e8
0.39475302709975013	1.9441447796166572e8
0.43033346146453966	1.841382585737712e8
0.4620699596386699	1.713404818599252e8
0.5001249279261963	1.5382695920278946e8
0.531837401499135	1.4060783280588916e8
0.5609792427445703	1.26262376397417e8
0.5926196425139342	1.094042868366132e8
0.6166442437055545	9.651891854351258e7
0.6393955410340189	8.515373347259326e7
0.6621228137612916	7.379994661378461e7
0.6961176244474341	5.544712170145488e7
0.7149288871804728	4.475228405798927e7
0.7375360369017874	3.5479140860968895e7
0.757620603497982	2.863493191119721e7
0.7725158562367864	2.152366377412604e7
0.7898616182971363	1.5064488624680746e7
0.8033634441668267	1.0358410371531956e7
0.8131654814530076	7.786920004028418e6
0.8204449356140688	5.959413010577128e6
0.828901595233519	4.246904993160785e6
0.834787622525466	2.973233322368062e6
0.8394964443590234	2.2353943465211806e6
0.8428839131270418	1.6218648369286794e6
0.8451182010378624	1.2864199654291968e6
0.8474245627522581	1.0763848196793548e6
0.8484335960023062	884762.2875681005